6774
51441
2932
9474
7706
10606
1786
4170
3117
6118
9589
10059
2735
54890
1327
4709
10131
3098
55669
546
1445
6195
1642
253943
29086
5428
9927
5395
5058
8569
9451
3898
3661
4323
4582
79068
23526
4292
23476
9557
10105
2746
340061
5335
581
673
9319
5598
56339
5886
5782
8737
2073
7849
920
7535
821
27113
56616
4512
5347
4193
3313
4771
1981
7158
7408
3099
7465
10533
4627
64783
8289
197259
942
6194
995
7428
2597
83548
9123
10111
1857
1938
7284
10155
208
3643
57580
7037
1977
1499
11200
1366
4067
10075
3717
2475
2956
9788
10018
5111
891
7534
6850
5573
2886
57521
780
1978
6426
369
31
80381
10376
5601
6198
836
440
598
2101
7019
