3140
7416
56893
10476
7507
7293
7277
23604
2730
5291
4854
7291
6422
857
597
2737
5163
11035
182
4609
6657
10643
6446
55626
6935
1737
3569
6389
5727
2072
7301
4137
91607
8678
6275
3688
6794
998
5925
7494
7026
983
79679
3315
5236
23192
5747
4233
6647
8290
1291
1001
4893
6009
64422
6464
7405
56246
8766
1027
6490
81620
9077
7529
1385
2002
3725
4851
5460
4361
84557
637
84335
29126
1956
2729
675
3925
1969
3981
6240
3014
5781
115004
2744
94
9212
931
841
1803
5932
4286
3303
2247
5241
301
1111
25
595
4904
10987
3667
5175
1000
10413
2305
5605
4629
5080
4710
6615
5563
3084
1612
3815
6648
2026
