6774
51441
2932
9474
7706
10606
1786
4170
3117
6118
9589
10059
2735
54890
1327
4709
10131
3098
55669
546
1445
6195
1642
253943
29086
5428
9927
5395
5058
8569
9451
3898
3661
4323
4582
79068
23526
4292
23476
9557
10105
2746
340061
5335
581
673
9319
5598
56339
5886
5782
8737
2073
7849
920
7535
821
27113
56616
4512
5347
4193
3313
4771
1981
7158
7408
3099
7465
10533
4627
64783
8289
197259
942
6194
995
7428
2597
83548
9123
10111
1857
1938
7284
10155
208
3643
57580
7037
1977
1499
11200
1366
4067
10075
3717
2475
2956
9788
10018
5111
891
7534
6850
5573
2886
57521
780
1978
6426
369
31
80381
10376
5601
6198
836
440
598
2101
7019
3140
7416
56893
10476
7507
7293
7277
23604
2730
5291
4854
7291
6422
857
597
2737
5163
11035
182
4609
6657
10643
6446
55626
6935
1737
3569
6389
5727
2072
7301
4137
91607
8678
6275
3688
6794
998
5925
7494
7026
983
79679
3315
5236
23192
5747
4233
6647
8290
1291
1001
4893
6009
64422
6464
7405
56246
8766
1027
6490
81620
9077
7529
1385
2002
3725
4851
5460
4361
84557
637
84335
29126
1956
2729
675
3925
1969
3981
6240
3014
5781
115004
2744
94
9212
931
841
1803
5932
4286
3303
2247
5241
301
1111
25
595
4904
10987
3667
5175
1000
10413
2305
5605
4629
5080
4710
6615
5563
3084
1612
3815
6648
2026
