51364
54972
5080
1870
1951
23542
5081
54443
9052
10460
1800
57586
55635
8630
3149
55789
3604
55040
50943
79931
5888
10721
2155
1301
55388
259266
55771
5307
6343
2046
9319
3161
5522
54825
51512
284403
5076
10615
29089
51207
5050
10403
1005
1833
79570
57549
4998
8438
4680
6790
22974
332
24137
23594
63967
8318
990
7093
126353
610
4320
79019
5816
1033
4318
9837
4605
140730
57167
1917
25876
85366
1869
1472
81610
79953
2491
1821
84264
50615
57214
11339
8840
6713
259307
55723
7138
79935
1048
1311
7036
2146
9355
1993
3195
9148
27338
6354
786
57482
55247
579
64151
2305
10635
83461
80329
7272
10112
4001
6364
1058
2335
5013
5624
84634
7143
991
9048
4751
1063
9928
6696
9480
23397
941
81930
114784
3624
27290
11130
2974
3229
3227
3228
55355
1300
1164
2914
29993
8970
26212
6725
5075
4821
24141
2537
9787
1907
79000
9143
9088
51764
7425
79733
54478
2302
151648
6861
7137
547
23025
3110
84929
2161
79412
7153
83546
4148
10267
57127
10631
114904
27299
891
90853
55143
10993
8638
84900
92558
10024
9700
2016
10753
83990
57471
347252
81796
56649
4322
9493
57082
3706
3832
55165
140766
658
4283
1062
51176
2201
429
8608
81624
80119
147381
117286
11004
387597
83540
3756
51514
79802
165545
890
1404
222663
113115
113130
84443
1029
4288
283208
83723
4314
116372
161835
23657
101
79682
6999
112714
57405
133690
146279
1047
221393
9955
64090
115362
220134
146956
25769
10563
286151
57497
701
9133
3763
176
3017
995
8365
909
10481
23562
6493
148113
9401
147841
124093
80178
55083
50604
3760
81788
4825
56992
94032
6286
993
4085
11082
166979
7015
9232
169026
115908
286464
9833
219681
2706
221150
5979
144455
654429
10143
4319
9768
5347
83661
219995
158248
201191
162461
81620
284339
352909
9622
7083
25837
55872
165904
123099
3627
6373
114787
169044
150468
699
260434
327657
2172
983
1469
222008
1000
10761
170850
79801
157570
9
6241
7857
131578
6356
79919
4973
162333
9156
26047
254263
155185
11065
9134
116028
135886
340359
400224
55057
6664
493829
89766
79413
3766
27132
284485
9212
7681
3352
2918
9582
1237
401097
124274
8347
201633
53820
2842
4166
51352
353500
1233
128239
157313
7490
147111
266722
402569
23532
653149
146909
89958
54821
9636
2563
401498
400935
285180
388228
375298
653820
388555
132203
642938
374393
554236
57402
90835
4661
284739
148545
729533
4312
84941
8329
389383
128312
57116
127343
4100
9824
642574
100130967
196051
440689
340204
653316
147920
79315
402160
106481438
3497
3503
25790
440356
401247
728833
394255
101927722
257000
102724714
285878
284930
101927523
400696
107985092
400619
344697
100124700
100996301
105373869
101928687
728192
345643
148709
100271702
100506492
100506749
150051
3833
100422608
100048912
727941
150000
113157
105375650
645323
101927953
643714
100507012
100859921
100874365
2297
399815
1556
23601
650474
101929504
645638
347688
283867
283875
4477
440224
101927229
105372233
440335
104472717
8370
8339
8355
8344
8348
8345
29128
8367
8343
201299
8357
105376380
102724156
80111
