64102
90293
126393
5166
340273
4222
6376
9058
6329
51085
57467
56920
5010
22802
477
2273
4653
729
60529
4826
8908
84649
9340
1308
5837
7049
29953
8626
32
5063
117
7145
3991
1638
2920
338
30835
1357
1215
2327
10580
54873
10110
140862
51378
57144
28316
8736
91851
8406
660
2564
6445
84935
3038
10391
6422
57030
10990
5764
858
857
3199
3202
3203
79974
4223
4969
1842
253738
1440
443
3131
23531
6649
1410
7704
79785
283383
9457
2822
2690
2246
3977
13
6869
33
150572
60676
9068
3953
10216
3290
9194
845
84417
114818
57678
30819
63970
1958
148
7512
1271
80760
130399
50486
1908
5105
64344
401265
51299
55026
2354
2159
554
5648
27190
8854
8424
1036
79057
55908
1264
1804
56301
9590
2670
117248
8639
5468
4147
23743
8170
10810
9365
85329
4629
23037
10894
10752
2949
6289
80763
1823
152831
301
9413
1840
948
3679
5959
5502
80704
55576
10253
1910
3569
9314
7111
5168
90865
6366
11131
83888
84709
64066
57569
54810
3973
5950
316
10144
2247
22915
5288
89869
10351
6258
1805
79998
2840
10840
1393
85480
3779
84870
6581
3484
27147
2719
4915
54886
2934
25891
10249
80332
6327
7069
83643
4306
1646
3698
2180
56477
130733
5140
2893
285313
651
6328
79981
80309
3773
55022
163175
26289
147463
83539
284
10350
23460
10349
5239
118611
728577
5137
11096
147495
2047
9073
7102
7079
6854
3815
22808
3745
9542
5207
57685
79190
374739
6285
146894
116362
57863
4921
4009
5284
72
114905
25802
1776
26577
7123
79442
28999
149461
1879
168002
221476
115330
761
158326
55335
256691
216
79987
2277
364
84889
220296
11067
57447
84659
153579
79827
55273
4239
5346
2038
374864
762
2819
729359
3489
117245
286133
11170
377007
7148
8436
2675
27065
84913
284654
154
64805
4881
10887
23235
57484
2167
2353
345275
140738
10316
10218
8708
206338
60495
225
10655
6288
27129
57495
339855
3952
8322
152078
4023
1149
161176
6330
3737
221091
80034
54546
399668
116135
151306
100132116
347088
222166
400120
4081
5021
9370
5179
92293
6357
169693
6517
389756
375061
23336
128553
9951
9628
338442
345557
161753
341277
54988
221303
7122
6586
400258
286753
4887
123103
339983
10345
400830
5138
1645
253935
63924
392636
84281
124
388335
401944
84570
3040
5649
219348
222698
4128
8644
4311
125
399888
1991
3201
1675
440738
116085
127
26112
131177
164284
1066
150771
1756
389432
340543
2681
100131897
93035
5212
4499
3039
131873
2878
2532
91584
101927174
401399
572558
4909
100129662
100874095
101928555
101930114
112840934
100996635
105378909
149773
101929596
100506895
284825
100289473
117581
100507114
415056
728611
102723487
645434
338872
101929335
11185
100507098
100131176
3043
101927740
100862662
100507632
126
100874002
105377441
107986321
101926956
105375706
101928136
101928154
105376671
283299
101928969
145820
100509620
101928698
90586
101929726
100820829
2662
100421166
101928141
119385
317751
2904
102723475
406937
6358
338328
110806277
101929127
105371267
101928583
643650
101928882
107984270
107986443
