64102
90293
56603
126393
5166
340273
4222
5577
6376
9058
6329
51085
57467
56920
5010
22802
477
8685
2273
30846
4653
729
60529
4826
8908
84649
4804
9340
4638
1308
5837
7049
55679
29953
8626
32
4162
5063
10003
117
9452
7145
3991
1638
6344
2920
338
1071
8425
30835
1357
1215
6913
2327
10580
54873
6663
10110
140862
80343
51378
140706
57144
28316
8736
158800
91851
8406
660
2564
6445
84935
3038
10391
6422
57030
10990
5764
858
857
3199
3202
3203
79974
6369
4223
4969
1842
6387
253738
1440
443
3131
23531
4619
230
6649
1410
7704
79785
283383
2822
2690
2246
3977
13
6869
33
150572
60676
9068
3953
10216
6121
3290
9194
845
84417
114818
57678
30819
63970
440073
1958
148
7512
3204
1271
1959
80760
130399
50486
1908
5105
64344
4337
401265
51299
55026
2354
6939
2159
1446
554
5648
27190
8854
8424
1036
1028
79057
55908
1264
1804
7140
56301
9590
2670
117248
8639
314
1160
5468
4147
29958
23743
8170
9365
85329
4629
23037
10894
10752
2949
6289
80763
1823
152831
301
1840
948
3679
5959
5502
80704
55576
10253
9314
7111
5168
90865
6366
11131
83888
64066
57569
54810
3973
5950
316
10144
2247
22915
5288
89869
6751
1543
10351
342667
84432
6258
1805
79998
2840
64651
10840
1393
85480
3779
6581
1956
3484
139818
2719
4915
2934
286204
256158
25891
10249
80332
117532
6327
3742
7069
83643
1646
2180
56477
130733
5140
2893
285313
651
6328
79981
80309
3773
55022
163175
26289
83539
284
10350
23460
10349
5239
118611
5137
11096
147495
9073
7102
7079
6854
3815
9478
22808
3745
9542
5207
212
57685
79190
374739
6285
5745
92304
1346
146894
116362
57863
4921
4009
91461
5284
72
126668
25802
7048
1776
26577
7123
79442
28999
149461
1879
168002
221476
222962
64321
115330
761
158326
55335
256691
216
79987
2277
364
84889
2350
220296
11067
57447
84659
153579
79827
55273
114780
4239
197257
5346
11318
2038
374864
762
2819
94274
729359
51129
3489
92162
117245
286133
11170
377007
7148
9796
8436
2675
27065
84913
284654
154
64805
4881
10887
10555
23235
57484
2167
2353
345275
5209
79192
58503
140738
10316
10218
794
8708
206338
26579
116535
60495
225
10655
6623
79812
6288
27129
57495
339855
3952
8322
57124
152078
1674
4023
1149
161176
6330
440556
3737
221091
284119
57104
152573
80034
54546
399668
5187
1960
116135
151306
100132116
347088
222166
400120
4081
3579
5021
9370
5179
92293
169693
6517
389756
375061
23336
128553
9951
9628
338442
345557
161753
102723701
341277
54988
7122
6586
9021
400258
286753
4887
123103
339983
64757
10345
653140
400830
84981
5138
3861
1645
253935
349136
63924
392636
84281
124
388335
401944
5320
3040
653720
5549
257313
5649
219348
222698
4128
50859
8644
4311
125
399888
79927
1991
3201
8076
1675
440738
116085
127
26112
25975
1066
150771
1756
389432
340543
100131897
93035
5212
4499
388125
3039
131873
2878
2532
400123
64641
91584
100129320
101927174
401399
572558
4909
100129662
100874095
101928555
101930114
112840934
101928612
100996635
196047
157956
105378909
149773
101929596
100506895
284825
100289473
117581
158376
100507114
415056
728611
102723487
645434
100506737
358
338872
101929335
11185
100507098
100131176
3043
101927740
1050
100862662
100507632
126
100874002
105377441
101928223
105377595
107986321
101926956
105375706
101928136
100128750
101928154
105376671
283299
8843
102606463
101928969
100509620
101928698
90586
101927460
101929726
100820829
102723641
2662
100421166
101928141
101926940
119385
283481
317751
2904
102723475
406937
6358
338328
110806277
101929127
105371267
101928583
643650
101928882
107984270
107986443
