51364
170302
54972
1750
5080
1870
6853
1951
23542
5081
389434
51513
8193
54443
2556
9052
10460
1800
57586
55635
8630
3755
3149
55789
26228
7546
3604
50943
79931
5888
10721
23105
5798
3757
112885
2155
5923
1301
8537
55388
259266
6857
2261
55771
5307
51083
8399
54626
6343
2046
9319
140469
3161
5522
54825
6557
51512
27092
284403
113457
5076
10615
29089
9576
27127
27074
11262
51207
5050
22999
10403
1005
5026
1833
79570
57549
4998
8438
4680
5475
6790
22974
80307
6564
55423
332
24137
10683
23594
63967
8318
990
7093
56165
3483
126353
610
4320
50487
23544
79019
5816
1033
8115
10202
4318
9837
4605
140730
57167
4923
1917
25876
85366
1869
1472
81610
79953
340547
27344
2491
1821
10232
84264
8140
50615
57214
23359
11339
6101
8840
6713
10382
268
259307
55723
7138
898
79935
79187
23217
333
1048
828
54854
22983
6528
1311
11045
8701
1749
7036
2146
10551
6505
9355
1993
768
3195
9148
22943
114815
27338
56521
10900
6532
40
6354
1748
786
9120
80157
57482
55247
116449
579
64151
887
3263
2305
10635
83461
80329
7272
10112
3003
4001
90249
5948
79782
1894
57501
51555
6364
1058
2335
5013
5624
1746
3938
84634
7143
25823
4985
58512
8564
5999
26279
1380
991
9048
10103
4751
1063
727897
6543
9928
6696
9480
3070
2891
56155
23397
941
81930
114784
30010
3624
27290
11130
11113
2974
64105
3229
3227
3228
6491
55355
1300
1164
57468
84612
60598
81030
2914
29993
8970
26212
2841
6725
5075
4821
24141
92747
57152
84063
1236
2537
9787
1907
79000
9143
9088
51764
29802
7425
57464
79733
54478
2302
151648
6861
7137
54857
547
23025
113730
9518
3110
140628
84929
139728
80328
5697
51659
2161
3620
79412
7153
83546
4148
23225
84824
10267
57127
79368
9633
128434
10631
55859
84700
114904
84332
27299
891
90853
55143
8728
10993
8638
84900
92558
10024
9700
2016
183
3775
10753
10643
83990
57471
11227
640
2626
84904
347252
9856
81796
56649
4322
9493
57082
3706
676
6496
3832
55165
140766
1134
57575
658
4283
1062
51176
2201
85352
1280
429
8608
53831
675
283385
54509
81624
85416
80119
55215
90381
94160
90506
9123
147381
117286
84467
11004
387597
83540
84072
3756
51514
79802
6279
8497
165545
1745
284992
26154
285150
9515
90113
10699
890
1404
171019
153328
222663
84630
113115
113130
84443
84296
84985
56169
51059
1029
774
4288
159963
283212
283208
1111
83723
8448
4314
53942
116372
161835
130813
23657
219670
57512
4143
101
79682
6999
23704
112714
57405
133690
10309
118932
7545
1360
146279
130013
1047
221393
9955
57338
64090
115362
220134
146956
333926
25769
154064
10563
286151
57497
931
29028
701
134285
9133
3763
90993
176
3017
995
8365
909
910
55567
10481
23562
6493
11189
146206
148113
7033
7031
89765
875
54058
138162
116238
115352
9401
114770
147841
124093
80178
124222
22977
374946
22854
339479
127943
128153
55083
50604
11009
92291
3754
3760
57115
128229
57650
81788
9447
29851
4825
200844
56992
94032
6286
993
4085
11082
166979
7015
2661
9232
169026
157724
1345
115908
79698
57094
286464
9833
219681
2706
221150
220042
5979
143379
144455
145264
654429
146562
196446
79933
81832
256764
10143
144568
4319
9768
92292
5347
114794
83661
219995
124872
158248
201191
162461
199786
284339
352909
8000
9622
146664
7083
25837
1775
55872
2786
165904
123099
255743
255189
255738
3627
6373
114787
2813
169044
150468
699
84894
260434
83756
327657
9283
2298
2172
284194
983
1469
222008
9963
1000
3171
3219
143425
195814
8419
7200
341019
10761
2525
170850
79801
157570
9
255631
2266
2243
2244
5031
85442
6241
654346
7857
131578
6356
9915
79919
348938
10125
27289
144195
128822
4973
155465
220359
162333
84733
9156
26047
442117
9024
254263
155185
84107
11065
22843
148345
8534
9134
1474
5122
57628
116028
200407
135886
285489
340359
400224
286262
55057
79369
9699
222171
80122
6664
494514
493829
89766
930
79413
83903
79605
3766
2731
27132
389336
284485
9212
256472
7681
3352
2918
9582
127003
1237
401097
7054
124274
348825
2529
8347
6752
374860
3226
225689
255101
23109
6657
2187
285973
201633
219790
3838
402415
645864
6000
1482
53820
2842
4166
51352
441061
353500
1233
100129543
128239
283869
26576
84189
4753
157313
7490
6092
389257
147111
389493
266722
402569
23532
4603
56479
127602
653149
146909
11283
54821
8784
353345
164656
6585
27022
440107
646643
9636
2563
2175
3006
100288637
401498
400935
285180
374918
388228
5133
375298
653820
340784
388555
132203
441168
1269
377841
642938
135458
374393
51155
554236
57402
200810
284340
5079
90835
4661
389649
56164
158055
284739
148545
165679
729533
440184
7516
4312
84941
8329
389383
8969
128312
388662
375791
25788
641
399717
55753
57116
400823
127343
222662
7367
85236
115948
1549
777
145741
4100
374877
5083
9824
692227
642574
101928287
100130967
196051
440689
388633
203413
129807
340204
1290
1590
80736
728215
57540
653316
340895
100128098
147920
56143
645121
3887
283463
79315
402160
106481438
1733
3497
3503
3500
3502
25790
286827
221914
9080
100131551
440356
401247
728833
394255
644186
101927722
100130449
81078
337874
4102
101929484
257000
100130417
102724714
285878
284930
101927994
401398
8686
101927523
440823
100887749
400696
645054
101928114
107985092
4049
400619
117779438
100128675
4050
197350
344697
100505566
100124700
100996301
105373869
401236
54064
101928687
768097
100505869
100132169
102724550
1589
9207
644844
404266
643596
728192
171523
8341
345643
148709
100271702
100506492
100506749
646324
101929567
729993
150051
3833
102723927
442197
650655
100422608
100287482
146771
100048912
727941
102723629
347689
150000
100507524
645249
629
113157
101927992
105375650
101927612
645323
100506660
145837
440101
157273
101927953
643714
101928176
100507012
5820
100859921
105370401
100874365
109729133
2297
56137
100507651
28920
441355
92312
399815
497189
1556
160728
100128191
112935960
23601
101926928
388021
100506411
107985879
146429
399693
650474
343702
101929504
645638
347688
112806053
337873
283867
283875
4321
107075172
4477
440224
284233
100616194
100631251
101928674
101927229
647946
105372233
440335
400680
101928295
101669766
6689
104472717
8370
100631247
101929623
11165
84740
26220
8339
8355
8344
8348
8345
29128
8367
3012
8343
4747
201299
8357
100130148
285097
642515
387644
105371045
109729173
107984273
440905
101927505
105374367
107985323
105376380
102724156
80111
