10894
2273
57678
130399
7123
152831
8908
30819
7145
206338
10580
857
8639
6517
3043
27129
4023
345275
4881
5959
NA
54988
23235
80760
1393
NA
8736
32
NA
2277
3991
858
10144
5468
2934
101928555
10003
54873
25891
23531
1879
2878
7148
NA
161176
5138
153579
55335
NA
100507632
401265
3679
225
8322
101927740
9194
80704
10249
5346
338
443
57569
100509620
10840
11096
5140
400123
8436
3952
151306
222166
80763
26577
3489
NA
126393
364
2819
3953
3040
338442
729359
286133
148
5207
948
5021
140738
4921
105378909
91851
146894
NA
NA
79987
10350
100820829
29958
7079
91584
1036
64757
26112
NA
51378
947
220296
NA
2690
440738
124
117248
57030
5950
107984270
2167
101930114
221091
79998
NA
10316
101926956
79981
4337
NA
83643
NA
5166
10351
400830
100862662
23743
115330
2180
90586
338872
100129320
56920
256691
2770
9079
63924
79974
762
4311
1805
253935
125
222698
388335
2791
253738
301
101929726
85329
56301
92293
25802
50486
2822
NA
107986443
28999
389756
5105
1842
9590
5502
5168
79442
10253
10349
NA
7048
9370
1264
7301
338328
79827
105375706
154
NA
1756
8406
5648
667
3977
100505881
84913
57088
101928698
64344
23037
1066
399888
101928154
139818
10391
219348
286753
105376671
477
2159
6586
84649
10216
55022
401944
NA
284825
55908
216
100131897
54810
100507098
NA
4629
1149
51085
29953
9068
100874002
10990
3290
NA
9314
22808
2681
123103
10110
NA
NA
2327
10060
22915
126669
150771
27147
374864
114818
NA
400258
3039
4638
23460
5577
100506895
4128
84302
339983
105377441
10752
401399
2038
27303
4826
5837
6329
51299
57484
79057
NA
85480
8854
287
1357
3131
163175
389432
6344
101929127
102723641
55576
57685
660
100874095
653720
80036
NA
217
6330
93035
1840
9365
NA
28316
NA
131873
25854
375061
57447
23336
6335
NA
152078
101927460
1645
5137
284
212
55026
NA
3815
221303
2246
169693
1910
317751
101928136
NA
158326
340273
56849
339855
1368
406937
NA
286097
4147
84935
2920
4306
64641
116085
147495
114780
NA
10810
84709
55273
127
2662
2774
3038
30835
4081
645434
3779
NA
400617
7102
400120
NA
80243
NA
10218
NA
7704
11067
7049
5239
9586
NA
NA
101928969
196047
80034
10655
728611
6581
220965
134466
283383
105371267
653140
4223
11185
NA
119385
NA
314
100507114
7512
84101
6258
NA
221476
140862
NA
128553
100289473
6376
3202
222962
5063
101926940
339524
64805
9457
150572
8708
NA
6358
145820
60495
3973
11280
2247
5212
126
64102
116362
NA
761
147463
3579
3745
572558
56062
6288
NA
90293
80332
NA
105377590
NA
NA
5010
6854
101928223
554
13
7111
845
2354
84281
117
22802
84870
130733
NA
728577
171024
116135
117581
90865
3737
100131176
102724190
1958
101927174
285313
4239
100132116
161753
8644
1776
57495
110806277
149461
6263
NA
6327
33
8843
257313
50940
9340
9452
NA
NA
100506737
NA
117532
101928141
1675
84570
11318
6328
4222
1823
NA
100129662
5288
11170
729
3479
2719
1215
399668
80343
6869
NA
1410
7122
2893
114905
3753
5997
414764
8076
3201
341277
105372030
11131
2047
10345
NA
2904
NA
6289
57144
NA
158800
6649
112840934
NA
NA
9413
101928583
NA
102723475
6331
651
NA
3203
56477
57158
NA
147372
83857
4915
3199
4499
9628
2353
3484
93649
6285
4969
NA
8626
168002
84659
101929335
79785
2675
55800
1646
NA
3356
316
60676
79937
NA
101929596
283299
1308
6422
NA
5649
223117
1804
100506795
26289
340543
64066
63970
377007
89869
84889
83888
5629
3084
84417
25975
101928882
342035
1440
NA
NA
54546
NA
149773
401190
6326
2949
118611
5737
NA
79190
643650
60529
7069
374739
NA
1271
54674
415056
27065
9542
345557
NA
392636
83539
6121
100996635
4009
2840
3569
2564
27190
5764
79645
NA
5179
2670
100421166
54886
1991
57467
NA
164284
102723487
137868
2196
57863
6366
9951
460
7018
2532
1543
NA
9073
57709
6357
4909
80309
117245
3698
3736
8424
NA
8170
347088
442497
NA
72
3036
284654
1638
139411
6579
105373682
4887
NA
1010
5284
6445
NA
131177
9058
107986321
NA
4653
10887
1908
3773
101929344
112268117
