51364
54972
1750
5080
1870
6853
1951
23542
5081
54443
2556
9052
10460
1800
57586
55635
8630
3755
3149
55789
7546
3604
55040
50943
79931
5888
10721
3757
2155
1301
8537
55388
259266
6857
2261
55771
5307
51083
8399
6343
2046
9319
140469
3161
5522
54825
51512
27092
284403
113457
5076
10615
29089
9576
27127
27074
80341
51207
5050
10403
1005
5026
1833
79570
57549
4998
8438
4680
6790
22974
6564
332
3902
24137
10683
23594
1299
63967
8318
990
7093
5225
3483
126353
610
4320
23544
79019
5816
1033
8115
4318
9837
4605
140730
57167
4923
63910
1917
25876
85366
1869
1472
81610
79953
27344
2491
1821
10232
6361
84264
65990
8140
79006
9028
50615
57214
29106
11339
8840
6713
10382
268
259307
55723
7138
898
79935
79187
23217
333
1048
2906
828
22983
6528
1311
11045
3249
1749
4885
7036
2146
10551
6505
9355
1993
768
3195
9148
22943
27338
56521
10900
6532
6354
1748
1277
786
9120
80157
57482
55247
579
64151
887
3263
2305
10635
83461
80329
7272
10112
4001
90249
5948
79782
51555
6364
1058
2335
5013
5624
1746
84634
7143
25823
4985
4237
26279
1380
991
9048
10103
4751
1063
727897
6543
9928
6696
9480
3215
2891
23397
941
81930
576
114784
30010
3624
27290
11130
2974
3229
3227
3228
55355
1300
1164
3623
60598
2914
29993
8970
26212
4246
6725
5075
4821
24141
92747
57152
84063
1236
2537
9787
89846
1907
79000
9143
9088
51764
79924
29802
7425
7166
79733
54478
2302
151648
3929
6861
7137
54857
547
23025
113730
9518
3110
140628
84929
139728
5697
51659
2161
80758
3620
79412
7153
83546
4148
10267
57127
128434
10631
55859
114904
4922
84332
27299
891
90853
55143
10993
8638
84900
92558
10024
9700
2016
10753
10643
83990
57471
640
2626
347252
9856
81796
56649
4322
9493
57082
3706
676
6496
3832
55165
140766
57575
658
4283
1062
51176
2201
1280
429
8608
81624
85416
3067
80119
51458
94160
90506
9123
147381
5409
117286
11004
387597
83540
84072
3756
51514
79802
6279
58
165545
1745
285175
55502
285150
9515
890
1404
171019
222663
113115
113130
84443
84985
56169
51059
1029
774
4288
159963
283208
83723
4314
53942
116372
161835
23657
57512
101
79682
6999
23704
112714
57405
133690
10309
7545
1360
146279
1047
221393
9955
57338
64090
115362
220134
146956
333926
25769
154064
7363
10563
286151
57497
931
701
134285
203328
9133
3763
90993
176
114822
3017
995
8365
909
10481
23562
6493
11189
146206
148113
7033
7031
875
138162
116238
115352
4796
9401
114770
117159
147841
124093
80178
124222
22977
22854
339479
127943
55083
50604
11009
3754
3760
2019
57115
6280
81788
9447
29851
4825
56992
94032
6286
993
25886
4085
11082
166979
7015
134549
2661
2173
9232
169026
1345
115908
79698
286464
9833
219681
2706
221150
5979
143379
144455
145264
654429
79933
81832
256764
10143
144568
4319
9768
5347
114794
83661
219995
124872
158248
201191
162461
199786
81620
284339
352909
90990
9622
283248
146664
7083
25837
1775
55872
2786
165904
123099
3627
6373
114787
2813
169044
150468
552900
699
84894
260434
83756
327657
9283
2298
2172
284194
983
1469
222008
3892
286887
3851
1000
10736
3171
3219
8419
7200
10761
170850
10879
116844
79801
157570
9
2266
2243
2244
6241
654346
7857
131578
6356
9915
79919
348938
27289
144195
128822
4973
155465
220359
162333
84733
9156
26047
9024
126006
254263
155185
11065
22843
8534
9134
1474
5122
116028
135886
285489
340359
400224
286262
55057
9699
222171
80122
6664
4062
493829
89766
930
79413
3766
51806
2731
404217
151176
27132
284485
9212
256472
7681
3352
2918
9582
127003
1237
401097
124274
2529
8347
6752
374860
3226
225689
124842
255101
23109
6657
260436
201633
338707
11247
3838
633
284013
6000
5831
1482
53820
2842
4166
51352
80164
441061
353500
1233
128239
283869
26576
84189
4753
157313
8349
286256
7490
6092
389257
147111
389493
266722
402569
4582
3665
338785
23532
653149
146909
89958
2306
3868
54821
8784
164656
6585
27022
646643
9636
148398
2563
3006
1755
401498
400935
285180
388228
5133
375298
342897
653820
340784
388555
132203
1269
377841
642938
135458
374393
51155
554236
57402
200810
284340
5079
90835
4661
284739
148545
165679
729533
440184
8912
4312
84941
8329
389383
6273
8969
128312
8270
375791
399717
57116
127343
645811
85236
115948
1549
145741
4100
374877
9824
692227
642574
100130967
196051
440689
203413
221424
129807
340204
1302
1590
80736
29113
57540
653316
340895
100128098
642475
147920
3853
3887
283463
79315
402160
106481438
1733
3497
3503
3501
3500
3502
28409
25790
221914
9080
10809
440356
401247
728833
394255
101927722
100130449
81078
4102
101929484
257000
100130417
102724714
285878
284930
8686
101927523
400696
645054
101928114
728763
107985092
4049
400619
117779438
4050
197350
344697
100505566
100124700
100996301
105373869
401236
101928687
768097
102724550
1589
389813
644844
404266
643596
388564
728192
171523
345643
148709
100271702
100506492
100506749
150051
3833
102723927
100422608
146771
100048912
727941
150000
401115
645249
629
113157
105375650
645323
440101
157273
101927953
643714
100507012
100859921
100874365
2297
100507651
399815
1548
1556
160728
23601
101926928
388021
107985879
146429
399693
650474
642658
343702
101929504
645638
347688
283867
283875
4321
4477
440224
100631251
101928674
101927229
105372233
440335
6689
104472717
8370
100631247
101929623
84740
8339
8355
8344
8348
8345
29128
6029
8367
8343
4747
201299
8357
100130148
285097
28458
642515
105371045
110599564
107984273
105376380
102724156
80111
