3489
7123
4653
4881
57678
10894
2277
1357
762
25891
5138
857
7145
11096
23235
2273
572558
101928555
345275
10144
1028
79998
338328
57569
126393
30819
6517
146894
114818
2934
3953
8425
153579
100507098
388335
7148
101927740
8736
8436
8639
10253
107984270
57030
105377441
220296
2159
338872
10580
858
80760
56920
140706
27129
10249
1879
11131
5837
221091
222698
55679
101928141
256691
5959
105375706
286133
161176
554
64344
284119
57104
4023
2662
219348
92162
4311
54873
84913
32
51378
105378909
94274
10218
130399
10391
3202
28999
101928698
124
85480
401944
3040
1264
55335
2878
3977
10350
150771
5021
375033
100862662
102723487
79057
154
440738
25802
148
9079
107986321
4162
115330
3991
64102
101929127
10349
163175
6330
400258
8908
443
3679
57685
1036
7122
116135
100507632
57088
253738
100131176
2681
80332
79442
364
222166
338
284825
60495
9796
206338
358
79927
54810
23336
152831
127
338442
477
2995
1346
3952
301
1840
6358
3038
22808
9365
79812
2920
1393
389756
30846
169693
9194
54988
1756
128553
5187
9951
147495
2819
112840934
58494
116085
140738
107986443
126668
3131
1804
92293
83699
101928969
4887
64221
26112
10752
4147
729359
5168
116535
7048
51299
1675
123103
116159
10186
8708
6329
9068
10351
83643
64651
9314
55576
6649
105371267
100128750
168002
117
2327
64321
57484
5212
4921
8406
5468
117248
116835
7111
151306
1066
4306
5950
79974
5346
5745
79987
90586
3043
285313
157956
100820829
948
8854
11170
10316
2690
84281
5627
5648
149461
4629
6285
2791
8322
105376671
2774
339855
4081
399888
150572
340273
7079
10398
60676
2246
91851
54546
5166
1991
140862
10840
6328
660
400617
100506895
5137
84101
3199
2247
1910
55273
5502
2038
3773
23460
84417
3204
22802
11185
6263
9590
4223
221303
55026
374864
101927174
389432
126
349136
147463
2719
7049
84441
55022
57447
6376
27147
84171
50486
102723475
375061
100131897
5063
100509620
7102
131873
56849
80704
286753
6586
1050
3779
55908
5010
100507114
3745
761
339983
5239
1149
3201
79827
118611
57124
56301
26577
23037
101930114
85329
6854
2047
401265
23531
63924
100874002
6327
101926956
80763
399668
80310
26153
11067
222950
401399
4915
110806277
216
134466
27065
64129
84870
4692
22915
4826
3039
220965
3203
84570
3973
79785
2949
33
221476
130733
79981
26045
7704
400120
1410
10826
1645
100129662
10628
7140
171024
225
1956
3815
5207
100127983
284
158326
644596
440073
1271
4128
1805
6387
347088
1160
101929596
80309
6581
100874095
6751
10810
23743
9452
3200
1901
374739
64805
10516
654
283481
643650
2354
4501
84659
51085
116362
440556
84709
2840
91584
83857
100289473
103689912
2822
9542
5105
4222
55800
4499
4638
316
6869
230
158376
5649
90293
84935
9340
2180
116173
1842
286204
6288
1010
90865
91461
406937
400830
9457
117581
7512
340543
60529
1776
101929335
101928583
9104
10110
2893
8644
3205
125
100996635
1959
6422
441869
79190
1446
5321
54997
100506795
249
161753
54507
4804
101928882
253935
2167
1958
7538
9182
2904
145820
101929726
10345
3400
64066
5179
728577
1215
1646
650
91653
9510
2670
83888
317751
4239
1674
152078
9370
79192
89869
845
9628
72
100132116
51129
6289
93035
57158
83988
2318
6258
131177
57467
223117
8404
57144
10887
84889
9481
145581
84649
57863
130497
2202
9671
5629
4248
83987
23284
80034
285016
149773
6331
399474
6623
63973
1843
341277
100421166
5140
90187
10655
101928154
30835
220
79937
119385
5101
7018
651
283383
64168
27190
1638
29953
5737
4969
1823
145270
197257
168667
4909
5997
66004
5549
8788
1813
2619
2353
28316
6445
63970
162515
2152
152573
105373682
2564
1489
1908
387700
146433
283299
54886
388523
3742
133
65987
415056
54674
3753
22871
4781
115804232
4233
222487
56477
93649
1440
56603
11197
200150
10990
9413
164284
26579
5288
51655
13
7069
9982
401190
2921
11076
392636
5764
5354
377007
2532
139411
79645
3290
3909
92304
2675
722
23057
218
645434
29091
420
147372
6366
6530
2196
3484
100188953
25890
467
342035
653
8424
3737
150
57495
7481
50940
26289
646962
3356
93432
6326
117195
100505851
1634
255426
55118
388125
8626
728611
342667
347
4674
100506289
23237
80731
64388
4684
1960
140803
345557
794
117245
6369
3698
25928
28965
54221
100507747
6663
1308
195977
5284
4009
140597
102606463
6579
5806
3736
51716
114905
57604
347733
3914
765
58503
460
4360
153
401492
55897
83539
9058
146556
442497
590
100129434
51302
2835
131096
57348
827
58498
79625
27199
284654
59352
5803
5743
8170
6403
101928136
1828
5266
374308
3084
111
4908
165257
399948
3861
102724344
1620
374462
10562
51050
270
101929344
440695
5455
9378
246176
30812
5650
1511
2555
202299
9073
7475
646
4916
5317
2938
8685
1259
54763
213
2348
1672
4889
8671
3569
152742
3852
79608
152015
148641
2255
729
730
163223
2890
100506433
285095
283177
8492
23584
64093
158763
105377068
11202
2823
6357
25818
10216
11254
101928477
2568
63982
6898
23650
155006
9071
9547
5596
84152
6332
4129
90019
64078
2001
362
3512
8838
6863
143662
4857
1448
102723854
3866
728113
3872
3494
7980
7103
4922
2173
5653
4948
6590
10568
344905
28513
50805
92737
4604
3547
118430
6523
5320
51442
5655
1825
11012
174
185
5268
8581
1548
9635
6545
8842
1830
2299
3158
4057
4588
343578
1381
8001
3854
260436
10720
5304
