1300
4751
105373869
9088
4320
196051
24137
29128
995
9768
128239
8630
259266
57082
284403
3161
57405
92558
3624
150468
83540
5050
25769
146909
699
8840
1063
29089
55355
286827
9928
51514
9787
2563
157570
55247
283867
55165
11065
983
6241
127602
140766
22974
10024
4322
55872
5475
9156
201191
10112
332
84264
4288
1164
7153
151648
2146
6356
9493
9833
63967
9232
1033
54443
147841
701
221150
891
3832
7083
79019
219790
64151
55789
10403
113157
54821
55635
80178
23225
81788
83461
10993
55723
3833
10721
353500
55083
57167
51512
2305
79801
1301
201299
9837
11113
11004
23601
23397
79733
100130967
144455
11130
5347
114787
6790
11082
220134
9133
64105
4001
5624
114904
55143
374393
113130
6999
5831
10615
10761
1062
9700
286151
116028
9212
3070
56992
2918
387597
283208
5888
7272
991
890
55215
113115
10460
57549
55057
8318
81930
101929504
2335
79682
27338
81610
146956
6491
9824
255631
50615
54478
157313
7516
29993
2161
675
83990
8438
26212
3604
9401
1058
4973
941
1311
2491
124093
1821
57482
55388
25788
4085
990
10635
148113
11339
81624
6713
1469
2706
642574
401097
84904
54845
100506411
641
4312
51176
5307
23594
1870
100048912
128153
162461
4605
9319
8728
115908
1833
100288637
2914
148709
6343
254263
200844
131578
80111
85366
23562
84900
7292
2175
24141
50943
2201
388228
64220
728833
7036
57471
337873
25790
4998
3017
90835
54972
114784
344697
259307
3149
729533
101
8357
5820
80119
8344
135886
1237
176
89958
8348
55771
9955
100506749
57116
3766
3352
25837
117144
1869
54509
79000
79412
400619
118932
57497
102724156
53820
100288748
109729133
9633
81620
10053
653316
1800
7093
101927229
3627
8329
57214
3856
6373
728192
165545
9134
1134
10699
6286
90853
147920
399815
219681
102724714
83723
353345
993
440823
53831
6725
9143
400696
105375650
150051
375298
653820
2842
83903
105376380
117286
158248
7138
284739
90381
4166
116372
23657
494514
55040
394255
389383
9048
101928687
146279
81796
169044
79953
27299
9033
5031
105372233
219995
401498
3706
5999
4148
1404
2537
8370
1472
126353
388555
7857
54825
347688
1277
283875
8365
9355
8343
8347
11165
85479
155185
100128675
26047
284485
94032
7143
9052
105370401
1993
401247
51764
147111
25876
1029
10631
80329
284339
162333
6493
7490
284656
5798
100996301
579
57127
23025
1000
352909
4319
9636
1951
3227
89765
8367
81501
440335
6696
79935
7425
400935
100874365
84941
8970
9622
8638
128312
10267
165904
402569
8339
610
5013
285180
57402
1233
340359
23542
3763
133690
4661
286464
3756
115362
440356
100859921
340204
3012
79413
402160
79570
4314
4825
201633
221393
1907
170850
9582
51352
27132
7015
89766
8608
79315
645638
127343
100506492
400224
4318
327657
8345
107985092
440689
57156
222663
64090
8600
6364
10753
3229
79931
51364
100271702
245972
6354
84443
101927953
9148
7137
157724
23105
347252
83546
4283
51207
1048
6861
3110
284930
654429
2151
10563
5979
84634
27290
145837
257000
101927722
3497
2172
92291
554236
132203
166979
104472717
2974
147381
56649
10481
100422608
123099
6664
909
727941
3503
642938
79802
493829
5080
2046
650474
1005
150000
100124700
83661
57586
5075
643714
50604
112714
1047
100507012
260434
345643
2297
653149
5522
1917
440224
8355
101927523
2302
106481438
148545
4821
3195
4680
786
9
2016
7681
26154
285878
84929
2155
645323
161835
4100
658
266722
389434
5076
3228
9480
23532
5081
429
169026
79919
4477
124274
5816
140730
222008
547
3760
1556
10143
